<-------- N = 10 ----------->
T = [ 6 7 2 1 7 3 9 3 4 10 ]
On = [ 4 3 3 10 1 7 8 1 8 3 ]
Os = [ 6 10 8 4 7 2 10 3 6 3 ]
<-------- N = 20 ----------->
T = [ 4 3 2 8 6 7 7 1 6 8 7 8 3 8 4 9 9 2 3 9 ]
On = [ 7 10 10 9 1 2 4 7 6 7 10 5 6 5 1 7 5 5 1 10 ]
Os = [ 2 4 5 5 4 1 3 2 5 6 4 6 5 5 8 9 4 10 7 3 ]
<-------- N = 30 ----------->
T = [ 10 5 2 8 7 7 10 1 8 2 8 8 6 10 2 4 9 1 4 7 6 5 1 5 5 4 6 3 9 5 ]
On = [ 6 9 8 3 2 2 5 10 8 6 8 4 7 5 3 10 9 10 9 2 10 9 4 5 8 2 10 2 6 2 ]
Os = [ 1 8 3 3 1 6 10 2 2 10 7 7 4 9 10 1 6 7 6 2 9 2 1 5 7 8 7 8 8 9 ]
<-------- N = 40 ----------->
T = [ 6 9 9 5 4 1 9 8 5 4 3 1 5 3 8 5 3 4 1 1 2 6 5 6 3 8 1 10 9 2 4 4 10 4 1 7 1 3 6 9 ]
On = [ 4 4 10 4 9 5 9 8 4 1 6 6 7 3 8 9 9 7 3 6 1 1 7 9 9 3 7 10 2 2 5 10 7 4 6 5 5 7 7 8 ]
Os = [ 9 2 7 4 7 9 10 7 1 10 5 10 10 5 6 2 10 9 2 2 9 7 3 7 5 5 3 1 4 1 1 2 10 9 7 1 7 8 10 3 ]
<-------- N = 50 ----------->
T = [ 10 3 2 2 10 10 8 8 9 3 2 3 1 3 3 9 1 10 6 10 7 1 5 2 4 7 3 5 9 3 9 4 4 1 7 1 8 4 8 7 7 8 1 1 8 7 8 10 4 8 ]
On = [ 7 8 4 6 2 2 6 1 1 10 1 3 6 10 9 1 10 7 5 10 1 3 4 8 2 10 3 2 9 9 7 9 4 5 9 7 10 4 4 6 6 10 5 5 1 3 10 3 1 9 ]
Os = [ 1 7 3 10 5 1 9 5 5 7 5 3 6 1 4 5 2 3 5 4 6 10 6 5 5 5 7 3 10 9 9 4 9 8 10 9 1 4 3 3 9 7 2 9 9 5 4 9 2 10 ]
