100
1000
93 41 2353
43 53 8475
75 58 4246
70 42 6224
98 97 9538
22 29 4031
9 0 1389
63 40 450
86 6 1518
24 36 7060
10 24 6806
66 56 8473
98 72 5229
31 51 1765
83 28 1025
89 14 7110
11 32 6006
31 41 862
16 83 176
27 52 304
71 98 1234
16 88 9392
1 26 1314
34 45 1990
58 43 2016
25 59 4062
7 24 8107
23 98 6195
82 5 9657
18 20 6937
72 90 3524
36 54 4816
72 3 4355
37 44 9652
50 21 1853
97 58 554
67 34 8849
45 95 915
65 14 3115
61 47 3490
25 81 4137
70 26 6615
42 52 3654
57 16 7329
46 85 2842
82 85 4635
40 27 9737
79 51 7808
89 96 7466
25 52 9592
39 73 4908
24 11 5406
24 72 3158
67 56 8480
54 38 6841
61 90 9746
41 73 3579
27 76 2193
21 53 6133
11 70 3581
32 23 370
94 47 3449
63 68 1499
55 26 441
47 24 5086
6 53 5834
40 22 3807
75 99 1535
46 13 3296
56 69 7257
48 46 9687
0 58 7660
61 70 4285
6 48 2531
88 60 9589
56 60 7917
44 74 8428
13 2 4210
91 40 1743
1 45 4673
72 85 2926
29 22 4168
92 54 913
92 43 5998
53 11 5296
32 36 9425
86 42 30
31 47 6151
39 35 6320
51 71 7435
56 25 6465
50 12 4787
2 80 2173
2 30 6920
90 51 4476
17 33 7158
47 92 499
25 39 1999
77 47 7384
99 76 9639
43 59 6009
32 23 7909
29 18 2790
46 13 6630
86 97 1487
68 76 8786
25 70 4295
13 84 9221
3 99 4932
77 27 3581
35 50 2199
15 50 7375
57 69 727
68 91 9130
5 70 3238
28 68 9203
32 40 3586
94 2 1706
91 54 3042
35 1 7970
65 40 21
3 2 8082
88 81 7645
18 65 1857
84 25 5990
41 98 9072
6 37 9668
20 70 1594
59 97 5502
63 91 783
12 23 4851
73 25 2684
8 59 727
67 96 2987
22 60 3915
7 19 2029
77 7 2502
66 49 2818
46 89 1588
69 52 5643
63 76 1965
11 16 6574
49 91 7398
35 43 9607
71 96 2023
46 6 3270
21 23 3917
65 2 9027
4 53 7340
98 44 7253
12 21 7519
70 64 5495
20 88 2830
17 23 117
42 94 2538
25 56 1862
68 53 9174
61 86 1872
97 2 7085
14 46 292
68 92 1538
69 48 8484
48 47 608
44 76 1090
68 0 1343
74 49 5505
62 30 2811
49 67 1452
84 52 9675
15 40 935
95 24 1936
51 21 3322
74 41 7790
68 83 657
24 56 1276
40 50 841
13 87 5392
33 18 9469
42 30 686
57 8 6312
27 93 8902
59 21 9889
29 81 2723
91 63 2472
74 16 7271
52 84 9042
28 89 3503
85 94 5110
51 23 6199
20 80 1262
14 18 6177
92 97 2594
31 9 840
27 98 1853
5 78 6954
8 38 5983
13 21 4281
53 82 9407
14 93 6470
18 42 4850
22 9 4998
11 96 7552
11 5 787
21 46 6431
31 1 8152
44 54 4992
89 74 4442
60 79 5129
42 61 7396
66 95 207
8 55 393
6 59 8879
76 80 3296
27 0 7558
11 52 5276
15 23 5733
40 62 8291
60 75 2079
89 49 2122
86 4 6028
79 50 3029
8 24 7925
37 54 6572
12 56 5865
97 88 5785
17 47 9688
56 7 4010
81 93 2216
48 4 1003
80 28 8019
37 39 9149
51 80 1220
75 15 2325
32 97 7584
90 59 9920
65 53 6570
36 87 2732
40 20 224
18 46 3365
57 79 2737
54 73 4931
64 31 3102
79 45 8723
63 26 7140
38 46 1282
17 13 6706
95 48 2449
21 51 6062
65 75 6215
95 50 1223
2 75 2265
51 54 4953
48 19 8185
85 83 7658
69 48 9722
38 96 4085
37 94 7377
34 86 3257
68 7 7352
29 20 5260
85 68 197
95 43 1270
7 92 8720
23 37 2460
71 51 6092
83 55 9738
28 88 4593
61 21 3229
87 72 6433
65 62 2552
7 34 117
39 59 6240
81 80 4726
0 1 8079
31 94 8600
63 45 5391
29 38 5295
27 17 2649
19 24 2043
17 66 5290
62 67 1905
51 81 3579
83 8 4075
91 39 8219
42 15 6301
28 25 4547
53 29 3706
78 1 4496
9 84 7150
20 19 9364
79 82 7770
29 87 8427
93 14 4395
70 88 6599
73 20 38
2 98 1615
60 34 3095
89 5 8346
64 26 9416
71 39 2041
14 20 2020
92 58 1261
41 47 9155
56 82 8718
86 87 6276
95 35 9459
70 26 458
65 17 5260
44 94 6125
64 50 5301
75 50 9964
7 93 666
68 33 6529
90 38 2176
83 92 6291
57 49 6465
59 93 5877
40 72 5889
44 33 5292
42 13 1538
9 88 2678
16 97 3057
32 45 6592
51 11 9831
34 97 783
90 54 5520
61 11 7376
84 68 5538
80 79 9898
72 67 3753
95 85 5732
66 98 7368
18 9 7990
75 86 1927
79 86 1789
47 17 2210
35 91 4004
51 68 5585
57 80 6364
3 58 6310
42 80 9043
33 59 8498
46 78 2648
10 89 9818
18 61 5
68 17 8674
48 3 2060
50 12 6996
69 76 4205
87 10 2258
5 44 2855
34 24 4735
48 32 8235
60 50 902
79 56 2150
51 73 9446
5 92 5683
19 72 4149
30 4 891
20 70 8717
78 92 4162
64 16 586
46 38 5080
29 33 6063
17 34 5124
69 15 9447
17 65 8728
49 35 1454
39 65 6337
78 70 2151
83 34 586
99 67 5349
6 69 4698
90 52 3172
42 0 6021
22 25 3456
84 93 5837
85 3 1339
47 25 5762
21 18 2350
73 35 3327
27 69 7935
39 20 3278
39 23 9410
29 71 9927
91 11 5384
4 0 472
77 19 9213
78 3 7749
35 5 13
87 62 7163
7 97 9984
31 91 9037
92 7 8675
63 32 339
6 16 301
59 37 6675
55 84 8584
46 12 9468
62 15 332
67 49 844
56 28 998
19 29 9027
0 21 1170
23 0 187
11 47 339
94 67 122
12 75 296
57 85 8370
20 22 8954
81 0 333
26 50 1492
24 71 9753
46 25 3720
92 95 9338
89 28 3468
27 14 8039
75 60 9994
94 38 297
27 89 1043
97 52 2657
39 48 8397
6 32 243
69 39 132
33 97 3688
75 14 2217
61 26 6546
66 8 7821
53 92 7189
18 43 9195
53 30 5168
48 49 3190
93 59 5494
94 70 3852
69 30 7434
86 56 8203
9 29 9988
15 28 1195
37 44 9048
77 3 843
18 85 7726
65 30 4559
23 97 3975
4 22 4656
59 50 4247
73 90 9991
60 93 777
1 39 9028
95 78 1080
48 38 1216
14 90 9109
85 9 843
83 92 4131
22 75 5666
24 72 5157
12 52 6198
32 53 8310
76 96 5121
53 18 6003
43 55 7418
67 73 8928
43 66 1470
2 87 4024
14 67 6615
34 38 9032
88 52 449
90 59 755
73 59 6700
57 7 593
79 56 1564
34 28 7161
57 71 2963
57 64 1962
71 3 9503
45 28 3483
39 16 6549
52 62 7594
38 79 3287
80 81 3995
57 82 2459
98 21 5650
36 57 2379
21 59 4694
85 25 1595
22 10 8667
62 44 4175
81 32 6312
24 63 5481
32 38 2605
53 77 103
56 21 341
59 11 3271
82 55 7034
46 62 3662
48 91 4045
96 43 5236
32 54 623
45 57 9782
83 50 1482
34 13 1468
69 91 1155
85 77 173
74 89 3050
5 78 514
79 7 9526
97 79 6239
91 33 179
46 36 3567
3 50 328
72 61 2438
92 71 6252
26 84 5595
31 71 8078
59 47 9542
68 60 470
87 15 658
66 82 6624
7 75 8985
60 11 2454
22 59 9466
3 15 156
68 22 7591
96 31 6372
23 68 496
94 90 1753
56 98 5612
94 42 7691
46 97 4974
15 34 7730
10 81 6336
76 19 1470
73 82 3747
68 30 1589
83 34 3686
74 52 3226
79 20 1433
11 54 5739
88 35 5832
97 88 6769
76 82 5011
76 44 7146
47 41 6967
22 75 4913
96 46 5007
20 19 3064
44 61 764
41 69 3237
7 85 2449
7 61 3163
42 95 4194
93 43 1005
58 78 9367
7 58 6275
42 20 2150
90 47 4113
2 25 3610
84 49 3768
51 41 3236
52 94 9802
49 55 4266
31 22 7265
73 54 172
20 99 784
95 6 4798
44 47 5851
73 87 8901
80 76 3988
53 99 9230
40 22 965
67 0 5557
36 22 3447
73 87 5593
87 26 5607
87 57 9424
82 22 1913
87 4 3817
9 98 5568
51 63 7373
14 92 7431
58 0 1670
3 89 3563
62 90 3065
27 36 2578
27 69 1424
99 27 7563
97 4 3710
12 45 9315
93 15 7798
85 56 7616
95 0 2316
15 61 8541
66 0 8745
65 11 7163
6 59 4925
52 43 4592
91 21 5436
59 50 9678
90 56 781
59 72 97
37 90 927
97 5 1550
79 74 9587
90 28 2682
84 21 2405
65 4 5766
85 10 3484
9 66 3991
12 49 1522
51 67 4094
95 8 2103
16 30 988
54 38 2660
2 89 7879
13 42 2954
37 75 2632
37 66 122
77 61 9546
44 48 6237
58 54 339
39 81 3018
59 78 9722
81 63 8439
73 92 8561
42 61 5837
76 82 6645
23 75 2994
91 44 1080
88 53 9628
46 10 4532
28 71 8428
82 9 8845
52 57 1709
75 77 9080
64 20 8420
88 55 5707
35 90 8969
86 9 3323
93 11 868
97 78 653
59 14 1230
30 90 4803
30 0 4305
53 11 5119
89 49 3571
47 55 4594
30 9 4468
26 21 3551
63 8 4980
11 8 4361
94 60 9431
33 96 5377
59 85 547
71 17 7462
45 26 4223
72 19 2280
36 33 9438
64 60 2882
10 62 4284
40 4 6064
19 5 8584
44 10 6883
82 96 5227
42 62 2830
16 40 9356
59 53 3770
96 17 2602
69 87 8863
43 34 984
12 44 3289
23 5 485
89 52 9083
49 0 3664
73 63 8084
87 90 8035
98 17 9405
55 14 6295
55 64 6062
88 46 6118
67 47 8742
25 66 7315
2 25 9421
14 31 9317
60 45 847
98 77 4556
48 61 7646
26 54 8266
36 44 8625
52 29 4434
60 68 7624
21 31 3370
24 78 3244
61 90 7430
69 30 1894
87 30 6938
64 48 4056
46 91 1818
42 10 3688
87 71 1736
19 75 3737
91 48 5921
98 87 9884
56 92 4087
82 38 1922
57 69 9385
13 23 5138
44 45 9920
99 38 4276
39 88 6875
83 18 2430
13 8 116
68 63 8268
95 87 8988
26 47 3715
27 79 3277
15 81 3386
39 80 3633
30 96 8237
13 22 1742
5 96 3944
26 4 5374
4 72 9633
65 33 5307
74 87 369
90 17 4940
20 63 9205
75 3 6933
38 61 3600
62 79 4033
3 15 7404
7 14 8846
43 81 2743
81 25 4517
29 61 2534
41 20 9419
1 69 1285
97 51 3392
59 74 7758
46 59 4587
92 96 8052
48 19 9179
82 78 669
71 63 9401
24 31 8876
14 55 2198
35 84 882
96 39 772
77 17 9596
33 39 8091
24 72 4533
58 10 4533
91 25 6683
53 96 9258
44 65 3623
35 21 2091
90 32 8735
1 5 7167
3 73 4608
59 89 3212
80 46 804
60 99 1779
60 5 3180
49 55 3715
42 51 231
63 31 6137
32 72 8143
59 67 606
3 16 152
90 91 871
97 89 7919
69 5 2045
64 88 9679
40 96 8274
20 60 1132
69 19 2609
4 44 8681
16 34 4674
30 91 1027
46 77 1657
46 38 2991
57 30 1621
0 23 1989
81 93 5780
36 51 6012
5 70 7148
7 51 4509
13 6 4806
42 77 4038
3 68 2919
48 77 7157
35 69 4230
45 25 8395
33 60 3873
65 75 337
23 84 4711
52 18 2436
67 93 7344
30 85 8677
32 8 8371
15 1 3510
5 92 778
54 83 139
53 70 9183
90 64 4749
40 98 3364
23 2 1665
74 84 1180
33 37 7190
56 69 6777
99 95 8190
1 94 1622
68 57 3599
29 35 2646
60 12 7242
11 36 5229
59 81 8158
97 14 9514
28 97 9219
88 1 1238
10 54 2370
8 5 7700
94 63 5660
61 38 3526
35 51 4435
49 40 8327
9 8 6537
67 45 4984
3 2 9245
32 42 3691
96 5 136
68 21 8186
62 51 8551
73 99 5519
80 75 1058
73 25 3706
61 60 6309
14 8 7584
93 43 5296
41 50 337
2 37 6242
80 2 5245
16 35 9066
97 68 5811
26 68 2488
20 44 9960
45 84 1469
23 85 6744
77 93 9084
80 40 3588
96 33 643
61 85 5929
78 84 7719
16 8 2833
18 70 6912
2 28 2004
71 92 2027
17 56 9401
7 36 5046
49 15 1171
85 9 1419
36 25 2970
80 16 8600
92 33 2228
98 26 7895
60 75 4114
87 92 2302
80 52 1649
73 22 683
49 36 1616
41 47 6969
29 56 3789
21 98 1129
94 31 6987
62 17 7955
17 52 6432
8 95 7565
46 52 1926
69 82 7491
77 67 3772
73 4 4071
41 33 4594
78 82 3662
67 72 836
89 68 873
42 67 8259
97 87 1356
60 17 8606
53 77 7481
30 80 8890
10 6 7614
91 19 5128
92 87 3316
87 23 9297
79 67 8883
54 87 327
67 28 5776
95 91 3551
31 98 479
83 72 8241
18 44 1891
9 42 1056
92 78 5980
40 82 8315
98 55 9147
77 48 1750
94 53 2333
56 2 6326
88 31 1371
76 1 4166
6 23 8354
58 70 2581
39 47 2703
97 45 5176
19 4 8362
54 98 2440
89 90 7544
24 91 3209
69 28 9231
82 81 1598
67 52 2536
82 11 1928
68 49 9628
83 77 3566
23 87 7206
20 47 1000
91 2 4482
37 3 3736
32 49 7809
80 69 1900
29 48 393
2 78 8700
90 11 9163
35 1 9910
57 31 290
89 68 1202
69 94 5204
1 52 4668
72 16 2405
80 6 175
4 28 9330
65 47 5339
29 3 9676
15 42 9267
26 58 9539
74 61 8000
76 35 3328
66 78 541
22 31 8914
99 0 5652
13 68 5239
2 40 3732
81 13 2174
95 4 1930
44 71 2943
46 67 4356
56 63 2611
72 40 364
11 74 9676
44 7 802
89 0 8494
96 71 7723
14 20 5475
9 90 162
93 39 9105
30 6 1267
35 3 630
12 80 548
81 42 3018
15 13 3342
50 75 7832
55 65 1851
9 88 1620
43 26 4365
82 10 4566
5 16 8670
68 6 4442
10 64 7824
63 10 8777
74 33 4487
14 76 8367
67 8 1990
23 55 7482
46 3 2954
53 16 6330
77 62 9446
65 93 4488
6 53 7913
72 32 2709
66 10 7381
26 53 1873
34 65 2115
31 16 2252
51 15 1428
90 64 9780
27 26 5484
73 13 3968
88 82 4604
90 17 8343
54 13 224
19 57 573
84 45 3180
